,open,high,low,close,volume,marketcap,gold_price,gtrend
open,1.0,0.9995237331375338,0.9991495615875347,0.9988713253045229,0.7645135871204012,0.9986726575562211,0.0720901994800416,0.5349312974133608
high,0.9995237331375338,1.0,0.9990714699659929,0.9995200450430506,0.7674551304489713,0.9992594519912209,0.07324153383615487,0.5412211829034324
low,0.9991495615875347,0.9990714699659929,1.0,0.9994150662671532,0.7576735944628354,0.9992985021388963,0.07133802461599908,0.5236679847876011
close,0.9988713253045229,0.9995200450430506,0.9994150662671532,1.0,0.7631040091831843,0.999794793567329,0.0727004521682188,0.5343156657078796
volume,0.7645135871204012,0.7674551304489713,0.7576735944628354,0.7631040091831843,1.0,0.7622934118412048,0.08622022233978664,0.5069349893935334
marketcap,0.9986726575562211,0.9992594519912209,0.9992985021388963,0.999794793567329,0.7622934118412048,1.0,0.0772400047359324,0.5220917983651127
gold_price,0.0720901994800416,0.07324153383615487,0.07133802461599908,0.0727004521682188,0.08622022233978664,0.0772400047359324,1.0,-0.04794991769961019
gtrend,0.5349312974133608,0.5412211829034324,0.5236679847876011,0.5343156657078796,0.5069349893935334,0.5220917983651127,-0.04794991769961019,1.0
